1663945499379122179
1663793888883261440
1663743998907826180
1663456870852608002
1663402066457563136
1663151329240567808
1662759636200722433
1662711995660107778
1662321352811114496
1662035737725009920
1661709615636029442
1661283364803080192
1661004220810797062
1660161465154953217
1660119248318996482
1659907997710131204
1659853343639093252
1659829852160118784
1659130390865670145
1658324912262766593
1657323367416963079
1657311092593545216
1656686299783258114
1656641386329047041
1656641255512883200
1656290379749289985
1656134831200165888
1656113102817992706
1655943674805747713
1655518519906168833
1655411026421071873
1655284609859620864
1655235945409437697
1655186423396589568
1654868595875393537
1654840771059810305
1654486309979803650
1654383684424704000
1654332457741606915
1654093726980112386
1654039719620247556
1654002242255552513
1653335309772357637
1653008987217076224
1652895661753516032
1652883445549244418
1652868463679926273
1652634285424402432
1652206141047275520
1652167284251557888
1651976235096891394
1651860232895709186
1651606232057413632
1651543472632115200
1651469421939154945
1651181359665401856
1650898639013961734
1650530253406900225
1650506072019402757
1650485517526663172
1650350505896427523
1650180409995456516
1650133276114432001
1649996577719582722
1649768157974863873
1649616251176493057
1649606385645105153
1649585761610604544
1649082477728911360
1648893700431310848
1647951408522756098
1647902279759179777
1647623019907653632
1647611833208156161
1647574737466556417
1647460789521899521
1647223771906945025
1647078329445662727
1647070165874475008
1646922536847024129
1646735269478170624
1646722254787739648
1646542982882160641
1646402643353571329
1646090822750998530
1645814886780264449
1645755162785447938
1645648059928576000
1644929802204336131
1644910600537907201
1644701932295184386
1644646524302020608
1644579351059652615
1644237014471176192
1644184635197276162
1643851517970247680
1643150847986089984
1643101565467918337
1642839742688690178
1642013573424594945
